1	Beleriand	38,928,346	652,860	60
2	Rohan	2,877,797	27,400	105
3	Gondor	43,851,044	2,381,740	18
4	Arnor	77,265	470	164
5	Mordor	32,866,272	1,246,700	26
6	Rhovanion and Barbuda	97,929	440	223
7	Forodwaith 45,195,774	2,736,690	17
8	Harad	2,963,243	28,470	104
9	Rhun 25,499,884	7,682,300	3
10	Cuivienen	9,006,398	82,409	109
11	Hildorien	10,139,177	82,658	123
12	Brethil	393,244	10,010	39
13	Eriador	1,701,575	760	2,239
14	Estolad	164,689,383	130,170	1,265
15	Ladros	287,375	430	668
16	Amon Ereb	9,449,323	202,910	47
17	Umbar	11,589,623	30,280	383
18	City of Dalse	397,628	22,810	17
19	Vales of Anduin	12,123,200	112,760	108
20	The Shire	771,608	38,117	20
21	Old Forest	11,673,021	1,083,300	11
22	Isengard	3,280,819	51,000	64
23	Rivendell	2,351,627	566,730	4
24	Lorien	212,559,417	8,358,140	25
25	Barad-Dur	437,479	5,270	83

